month,publication,topic_0,topic_1,topic_2,topic_3,topic_4,topic_5,topic_6,topic_7,topic_8,topic_9
2016-01,Business Insider,0.019230769230769232,0.15384615384615385,0.09615384615384616,0.15384615384615385,0.2692307692307692,0.07692307692307693,0.07692307692307693,0.1346153846153846,0.019230769230769232,0.0
2016-01,CNBC,0.05042016806722689,0.058823529411764705,0.01680672268907563,0.14285714285714285,0.5798319327731093,0.008403361344537815,0.06722689075630252,0.058823529411764705,0.01680672268907563,0.0
2016-01,CNN,0.42696629213483145,0.07303370786516854,0.07865168539325842,0.0056179775280898875,0.06179775280898876,0.12359550561797752,0.20224719101123595,0.02247191011235955,0.0056179775280898875,0.0
2016-01,Economist,0.07211538461538461,0.18269230769230768,0.04326923076923077,0.07211538461538461,0.2403846153846154,0.10096153846153846,0.20673076923076922,0.04807692307692308,0.03365384615384615,0.0
2016-01,Gizmodo,0.00909090909090909,0.37272727272727274,0.048484848484848485,0.3,0.04242424242424243,0.015151515151515152,0.006060606060606061,0.20303030303030303,0.0030303030303030303,0.0
2016-01,Hyperallergic,0.0,0.9790575916230366,0.010471204188481676,0.0,0.0,0.0,0.005235602094240838,0.005235602094240838,0.0,0.0
2016-01,Mashable,0.06707317073170732,0.21036585365853658,0.3079268292682927,0.1524390243902439,0.03048780487804878,0.07317073170731707,0.042682926829268296,0.07621951219512195,0.039634146341463415,0.0
2016-01,New Republic,0.46757679180887374,0.09215017064846416,0.1689419795221843,0.01877133105802048,0.042662116040955635,0.10409556313993173,0.04607508532423208,0.010238907849829351,0.04948805460750853,0.0
2016-01,New Yorker,0.06521739130434782,0.5652173913043478,0.25,0.010869565217391304,0.021739130434782608,0.05434782608695652,0.021739130434782608,0.0,0.010869565217391304,0.0
2016-01,People,0.029411764705882353,0.09313725490196079,0.6666666666666666,0.00980392156862745,0.0,0.17647058823529413,0.004901960784313725,0.0,0.0196078431372549,0.0
2016-01,Politico,0.8717948717948718,0.008547008547008548,0.0,0.008547008547008548,0.008547008547008548,0.02564102564102564,0.06837606837606838,0.004273504273504274,0.004273504273504274,0.0
2016-01,Refinery 29,0.0440251572327044,0.18867924528301888,0.5911949685534591,0.06289308176100629,0.012578616352201259,0.07547169811320754,0.018867924528301886,0.006289308176100629,0.0,0.0
2016-01,Reuters,0.03225806451612903,0.025806451612903226,0.01935483870967742,0.05806451612903226,0.49032258064516127,0.05806451612903226,0.1935483870967742,0.04516129032258064,0.07741935483870968,0.0
2016-01,TMZ,0.014925373134328358,0.04975124378109453,0.5522388059701493,0.004975124378109453,0.004975124378109453,0.1791044776119403,0.009950248756218905,0.004975124378109453,0.1791044776119403,0.0
2016-01,TechCrunch,0.0,0.041237113402061855,0.030927835051546393,0.7010309278350515,0.09278350515463918,0.005154639175257732,0.0,0.11855670103092783,0.010309278350515464,0.0
2016-01,The Hill,0.6172839506172839,0.018518518518518517,0.0,0.05555555555555555,0.08641975308641975,0.06172839506172839,0.09876543209876543,0.018518518518518517,0.0,0.043209876543209874
2016-01,The New York Times,0.1700404858299595,0.16194331983805668,0.15384615384615385,0.032388663967611336,0.09716599190283401,0.09716599190283401,0.1417004048582996,0.020242914979757085,0.12550607287449392,0.0
2016-01,The Verge,0.011494252873563218,0.038314176245210725,0.21455938697318008,0.5325670498084292,0.01532567049808429,0.011494252873563218,0.011494252873563218,0.16475095785440613,0.0,0.0
2016-01,Vice,0.023728813559322035,0.31864406779661014,0.2745762711864407,0.09152542372881356,0.02711864406779661,0.06440677966101695,0.023728813559322035,0.03728813559322034,0.13898305084745763,0.0
2016-01,Vice News,0.0967741935483871,0.02932551319648094,0.017595307917888565,0.017595307917888565,0.14076246334310852,0.26392961876832843,0.41935483870967744,0.01466275659824047,0.0,0.0
2016-01,Vox,0.2320675105485232,0.07172995780590717,0.15611814345991562,0.25738396624472576,0.0759493670886076,0.08016877637130802,0.05063291139240506,0.04219409282700422,0.012658227848101266,0.02109704641350211
2016-01,Wired,0.03900709219858156,0.1950354609929078,0.1524822695035461,0.41134751773049644,0.03900709219858156,0.010638297872340425,0.010638297872340425,0.12411347517730496,0.01773049645390071,0.0
2016-02,Business Insider,0.1509433962264151,0.11320754716981132,0.1320754716981132,0.11320754716981132,0.20754716981132076,0.018867924528301886,0.09433962264150944,0.07547169811320754,0.09433962264150944,0.0
2016-02,Buzzfeed News,0.3626373626373626,0.06593406593406594,0.06593406593406594,0.10989010989010989,0.08791208791208792,0.1978021978021978,0.10989010989010989,0.0,0.0,0.0
2016-02,CNBC,0.0594059405940594,0.07920792079207921,0.039603960396039604,0.13861386138613863,0.6435643564356436,0.0,0.0,0.0297029702970297,0.009900990099009901,0.0
2016-02,CNN,0.4157303370786517,0.10674157303370786,0.12921348314606743,0.0,0.06741573033707865,0.1348314606741573,0.10112359550561797,0.033707865168539325,0.011235955056179775,0.0
2016-02,Economist,0.15606936416184972,0.17341040462427745,0.011560693641618497,0.07514450867052024,0.3063583815028902,0.06936416184971098,0.1676300578034682,0.017341040462427744,0.023121387283236993,0.0
2016-02,Gizmodo,0.02005730659025788,0.36962750716332377,0.034383954154727794,0.2922636103151863,0.05730659025787966,0.011461318051575931,0.014326647564469915,0.1977077363896848,0.0028653295128939827,0.0
2016-02,Hyperallergic,0.0,0.9576719576719577,0.010582010582010581,0.0,0.005291005291005291,0.0,0.005291005291005291,0.021164021164021163,0.0,0.0
2016-02,Mashable,0.06611570247933884,0.1763085399449036,0.3691460055096419,0.14049586776859505,0.03856749311294766,0.05509641873278237,0.05785123966942149,0.0440771349862259,0.05234159779614325,0.0
2016-02,New Republic,0.6142857142857143,0.09047619047619047,0.13333333333333333,0.026984126984126985,0.025396825396825397,0.04126984126984127,0.01904761904761905,0.006349206349206349,0.04285714285714286,0.0
2016-02,New Yorker,0.08737864077669903,0.5048543689320388,0.3106796116504854,0.0,0.019417475728155338,0.038834951456310676,0.02912621359223301,0.009708737864077669,0.0,0.0
2016-02,People,0.06,0.055,0.74,0.005,0.02,0.095,0.005,0.0,0.02,0.0
2016-02,Politico,0.8915094339622641,0.014150943396226415,0.0047169811320754715,0.02358490566037736,0.009433962264150943,0.02830188679245283,0.02358490566037736,0.0047169811320754715,0.0,0.0
2016-02,Refinery 29,0.025806451612903226,0.1935483870967742,0.6516129032258065,0.01935483870967742,0.01935483870967742,0.04516129032258064,0.01935483870967742,0.01935483870967742,0.0064516129032258064,0.0
2016-02,Reuters,0.05185185185185185,0.044444444444444446,0.007407407407407408,0.05925925925925926,0.562962962962963,0.014814814814814815,0.13333333333333333,0.022222222222222223,0.1037037037037037,0.0
2016-02,TMZ,0.02030456852791878,0.03553299492385787,0.5329949238578681,0.0,0.005076142131979695,0.18781725888324874,0.0,0.015228426395939087,0.20304568527918782,0.0
2016-02,TechCrunch,0.0,0.054878048780487805,0.03048780487804878,0.7804878048780488,0.09146341463414634,0.006097560975609756,0.006097560975609756,0.024390243902439025,0.006097560975609756,0.0
2016-02,The Hill,0.6746987951807228,0.0,0.006024096385542169,0.04216867469879518,0.0783132530120482,0.018072289156626505,0.04216867469879518,0.018072289156626505,0.0,0.12048192771084337
2016-02,The New York Times,0.14859437751004015,0.22088353413654618,0.12048192771084337,0.05220883534136546,0.10441767068273092,0.10843373493975904,0.0963855421686747,0.020080321285140562,0.1285140562248996,0.0
2016-02,The Verge,0.016736401673640166,0.0502092050209205,0.2217573221757322,0.5271966527196653,0.029288702928870293,0.0041841004184100415,0.0,0.13807531380753138,0.012552301255230125,0.0
2016-02,Vice,0.06287425149700598,0.27245508982035926,0.3532934131736527,0.08083832335329341,0.017964071856287425,0.04790419161676647,0.011976047904191617,0.02694610778443114,0.12574850299401197,0.0
2016-02,Vice News,0.18233618233618235,0.08262108262108261,0.022792022792022793,0.008547008547008548,0.1282051282051282,0.15954415954415954,0.3903133903133903,0.02564102564102564,0.0,0.0
2016-02,Vox,0.3787878787878788,0.06818181818181818,0.1553030303030303,0.2196969696969697,0.03787878787878788,0.04924242424242424,0.026515151515151516,0.030303030303030304,0.026515151515151516,0.007575757575757576
2016-02,Wired,0.03292181069958848,0.20164609053497942,0.16872427983539096,0.34156378600823045,0.03292181069958848,0.024691358024691357,0.01646090534979424,0.12757201646090535,0.053497942386831275,0.0
2016-03,Business Insider,0.07272727272727272,0.16363636363636364,0.12727272727272726,0.16363636363636364,0.16363636363636364,0.07272727272727272,0.09090909090909091,0.12727272727272726,0.01818181818181818,0.0
2016-03,Buzzfeed News,0.26382978723404255,0.1148936170212766,0.06808510638297872,0.10212765957446808,0.04680851063829787,0.23829787234042554,0.1148936170212766,0.0425531914893617,0.00851063829787234,0.0
2016-03,CNBC,0.07142857142857142,0.044642857142857144,0.026785714285714284,0.13392857142857142,0.6517857142857143,0.008928571428571428,0.044642857142857144,0.017857142857142856,0.0,0.0
2016-03,CNN,0.32575757575757575,0.12121212121212122,0.12121212121212122,0.015151515151515152,0.03787878787878788,0.16666666666666666,0.13636363636363635,0.045454545454545456,0.030303030303030304,0.0
2016-03,Economist,0.1477832512315271,0.14285714285714285,0.029556650246305417,0.054187192118226604,0.3054187192118227,0.059113300492610835,0.22167487684729065,0.029556650246305417,0.009852216748768473,0.0
2016-03,Gizmodo,0.022332506203473945,0.37220843672456577,0.04962779156327544,0.3200992555831266,0.02977667493796526,0.01488833746898263,0.009925558312655087,0.1761786600496278,0.004962779156327543,0.0
2016-03,Hyperallergic,0.0,0.9954954954954955,0.0045045045045045045,0.0,0.0,0.0,0.0,0.0,0.0,0.0
2016-03,Mashable,0.046798029556650245,0.19950738916256158,0.33251231527093594,0.18472906403940886,0.03694581280788178,0.059113300492610835,0.07635467980295567,0.04433497536945813,0.019704433497536946,0.0
2016-03,New Republic,0.5945945945945946,0.08523908523908524,0.09771309771309772,0.014553014553014554,0.02494802494802495,0.060291060291060294,0.07484407484407485,0.006237006237006237,0.04158004158004158,0.0
2016-03,New Yorker,0.0970873786407767,0.44660194174757284,0.24271844660194175,0.009708737864077669,0.019417475728155338,0.07766990291262135,0.05825242718446602,0.019417475728155338,0.02912621359223301,0.0
2016-03,People,0.09574468085106383,0.06382978723404255,0.6223404255319149,0.015957446808510637,0.0,0.1702127659574468,0.005319148936170213,0.005319148936170213,0.02127659574468085,0.0
2016-03,Politico,0.7988505747126436,0.022988505747126436,0.011494252873563218,0.017241379310344827,0.0,0.022988505747126436,0.12643678160919541,0.0,0.0,0.0
2016-03,Refinery 29,0.037037037037037035,0.17777777777777778,0.6296296296296297,0.08888888888888889,0.014814814814814815,0.014814814814814815,0.022222222222222223,0.0,0.014814814814814815,0.0
2016-03,Reuters,0.031413612565445025,0.041884816753926704,0.015706806282722512,0.03664921465968586,0.5392670157068062,0.03664921465968586,0.18324607329842932,0.031413612565445025,0.08376963350785341,0.0
2016-03,TMZ,0.03255813953488372,0.06976744186046512,0.48372093023255813,0.004651162790697674,0.004651162790697674,0.17209302325581396,0.013953488372093023,0.023255813953488372,0.19534883720930232,0.0
2016-03,TechCrunch,0.011428571428571429,0.022857142857142857,0.04,0.7542857142857143,0.05142857142857143,0.005714285714285714,0.005714285714285714,0.09714285714285714,0.011428571428571429,0.0
2016-03,The Hill,0.631578947368421,0.013157894736842105,0.0,0.09868421052631579,0.05263157894736842,0.02631578947368421,0.1118421052631579,0.013157894736842105,0.006578947368421052,0.046052631578947366
2016-03,The New York Times,0.1875,0.234375,0.15234375,0.046875,0.0703125,0.08984375,0.078125,0.01953125,0.12109375,0.0
2016-03,The Verge,0.003968253968253968,0.07142857142857142,0.19047619047619047,0.5357142857142857,0.01984126984126984,0.007936507936507936,0.007936507936507936,0.15079365079365079,0.011904761904761904,0.0
2016-03,Vice,0.04678362573099415,0.27485380116959063,0.35964912280701755,0.0847953216374269,0.02046783625730994,0.06432748538011696,0.014619883040935672,0.03216374269005848,0.1023391812865497,0.0
2016-03,Vice News,0.16904761904761906,0.06190476190476191,0.002380952380952381,0.02857142857142857,0.07380952380952381,0.1761904761904762,0.46190476190476193,0.01904761904761905,0.007142857142857143,0.0
2016-03,Vox,0.3181818181818182,0.045454545454545456,0.13257575757575757,0.2727272727272727,0.04924242424242424,0.041666666666666664,0.04924242424242424,0.06060606060606061,0.007575757575757576,0.022727272727272728
2016-03,Wired,0.032407407407407406,0.21296296296296297,0.19444444444444445,0.35648148148148145,0.018518518518518517,0.009259259259259259,0.032407407407407406,0.1388888888888889,0.004629629629629629,0.0
2016-04,Business Insider,0.0625,0.16666666666666666,0.125,0.22916666666666666,0.22916666666666666,0.020833333333333332,0.08333333333333333,0.0625,0.020833333333333332,0.0
2016-04,Buzzfeed News,0.17567567567567569,0.14864864864864866,0.11711711711711711,0.11261261261261261,0.06306306306306306,0.24774774774774774,0.08558558558558559,0.02252252252252252,0.02702702702702703,0.0
2016-04,CNBC,0.048,0.064,0.024,0.152,0.64,0.008,0.016,0.032,0.016,0.0
2016-04,CNN,0.34285714285714286,0.12142857142857143,0.14285714285714285,0.007142857142857143,0.05714285714285714,0.12142857142857143,0.15714285714285714,0.04285714285714286,0.007142857142857143,0.0
2016-04,Economist,0.13705583756345177,0.16243654822335024,0.050761421319796954,0.030456852791878174,0.22842639593908629,0.04568527918781726,0.25888324873096447,0.06598984771573604,0.02030456852791878,0.0
2016-04,Fox News,0.0,0.0,0.0,0.0,0.0,0.0,0.0,0.0,1.0,0.0
2016-04,Gizmodo,0.0113314447592068,0.3626062322946176,0.042492917847025496,0.32294617563739375,0.028328611898016998,0.019830028328611898,0.0226628895184136,0.18696883852691218,0.0028328611898017,0.0
2016-04,Hyperallergic,0.0,0.9861111111111112,0.004629629629629629,0.004629629629629629,0.0,0.0,0.004629629629629629,0.0,0.0,0.0
2016-04,Mashable,0.03353658536585366,0.21646341463414634,0.3871951219512195,0.1676829268292683,0.03048780487804878,0.03048780487804878,0.03353658536585366,0.08841463414634146,0.012195121951219513,0.0
2016-04,New Republic,0.45980707395498394,0.12218649517684887,0.16720257234726688,0.028938906752411574,0.03858520900321544,0.05144694533762058,0.05787781350482315,0.00964630225080386,0.06430868167202572,0.0
2016-04,New Yorker,0.0594059405940594,0.42574257425742573,0.36633663366336633,0.009900990099009901,0.019801980198019802,0.039603960396039604,0.06930693069306931,0.009900990099009901,0.0,0.0
2016-04,People,0.05555555555555555,0.08641975308641975,0.7716049382716049,0.006172839506172839,0.0,0.06172839506172839,0.0,0.0,0.018518518518518517,0.0
2016-04,Politico,0.7770700636942676,0.012738853503184714,0.012738853503184714,0.01910828025477707,0.01910828025477707,0.044585987261146494,0.10191082802547771,0.006369426751592357,0.006369426751592357,0.0
2016-04,Refinery 29,0.025806451612903226,0.17419354838709677,0.6451612903225806,0.04516129032258064,0.0064516129032258064,0.07096774193548387,0.0,0.01935483870967742,0.012903225806451613,0.0
2016-04,Reuters,0.03827751196172249,0.014354066985645933,0.014354066985645933,0.05263157894736842,0.6124401913875598,0.023923444976076555,0.10047846889952153,0.06220095693779904,0.08133971291866028,0.0
2016-04,TMZ,0.029556650246305417,0.04926108374384237,0.5812807881773399,0.0049261083743842365,0.0,0.11330049261083744,0.009852216748768473,0.014778325123152709,0.19704433497536947,0.0
2016-04,TechCrunch,0.0,0.07253886010362694,0.02072538860103627,0.7202072538860104,0.08808290155440414,0.0051813471502590676,0.0,0.07772020725388601,0.015544041450777202,0.0
2016-04,The Hill,0.6,0.010810810810810811,0.02702702702702703,0.032432432432432434,0.11351351351351352,0.016216216216216217,0.06486486486486487,0.032432432432432434,0.0,0.10270270270270271
2016-04,The New York Times,0.1308411214953271,0.2757009345794392,0.14485981308411214,0.0514018691588785,0.09813084112149532,0.09345794392523364,0.09813084112149532,0.009345794392523364,0.09813084112149532,0.0
2016-04,The Verge,0.008403361344537815,0.06722689075630252,0.226890756302521,0.5084033613445378,0.025210084033613446,0.02100840336134454,0.004201680672268907,0.13865546218487396,0.0,0.0
2016-04,Vice,0.028011204481792718,0.30532212885154064,0.2801120448179272,0.10644257703081232,0.0392156862745098,0.0784313725490196,0.025210084033613446,0.03081232492997199,0.10644257703081232,0.0
2016-04,Vice News,0.16066481994459833,0.08587257617728532,0.0110803324099723,0.008310249307479225,0.12465373961218837,0.21052631578947367,0.3684210526315789,0.030470914127423823,0.0,0.0
2016-04,Vox,0.23404255319148937,0.10638297872340426,0.13191489361702127,0.2170212765957447,0.11063829787234042,0.09361702127659574,0.0425531914893617,0.04680851063829787,0.00851063829787234,0.00851063829787234
2016-04,Wired,0.01953125,0.26171875,0.140625,0.3359375,0.05859375,0.00390625,0.03515625,0.13671875,0.0078125,0.0
2016-05,Business Insider,0.08108108108108109,0.1891891891891892,0.05405405405405406,0.1891891891891892,0.2972972972972973,0.02702702702702703,0.13513513513513514,0.02702702702702703,0.0,0.0
2016-05,Buzzfeed News,0.2,0.14782608695652175,0.06956521739130435,0.0782608695652174,0.05652173913043478,0.22608695652173913,0.11304347826086956,0.07391304347826087,0.034782608695652174,0.0
2016-05,CNBC,0.05970149253731343,0.05970149253731343,0.022388059701492536,0.1791044776119403,0.5223880597014925,0.014925373134328358,0.03731343283582089,0.06716417910447761,0.03731343283582089,0.0
2016-05,CNN,0.2903225806451613,0.13548387096774195,0.12903225806451613,0.01935483870967742,0.04516129032258064,0.1870967741935484,0.15483870967741936,0.03225806451612903,0.0064516129032258064,0.0
2016-05,Economist,0.10047846889952153,0.1674641148325359,0.05741626794258373,0.04784688995215311,0.22488038277511962,0.05741626794258373,0.291866028708134,0.03349282296650718,0.019138755980861243,0.0
2016-05,Fox News,0.0,0.0,0.0,0.0,0.0,0.0,0.0,0.0,1.0,0.0
2016-05,Gizmodo,0.006514657980456026,0.42671009771986973,0.048859934853420196,0.2671009771986971,0.03257328990228013,0.009771986970684038,0.019543973941368076,0.18241042345276873,0.006514657980456026,0.0
2016-05,Hyperallergic,0.0,0.9707317073170731,0.004878048780487805,0.00975609756097561,0.0,0.004878048780487805,0.004878048780487805,0.004878048780487805,0.0,0.0
2016-05,Mashable,0.036885245901639344,0.21311475409836064,0.430327868852459,0.1557377049180328,0.01639344262295082,0.03278688524590164,0.01639344262295082,0.08196721311475409,0.01639344262295082,0.0
2016-05,New Republic,0.521551724137931,0.07758620689655173,0.14655172413793102,0.02586206896551724,0.05172413793103448,0.07327586206896551,0.0603448275862069,0.008620689655172414,0.034482758620689655,0.0
2016-05,New Yorker,0.09848484848484848,0.44696969696969696,0.3181818181818182,0.0,0.022727272727272728,0.06060606060606061,0.030303030303030304,0.0,0.022727272727272728,0.0
2016-05,People,0.029239766081871343,0.05847953216374269,0.7309941520467836,0.0,0.011695906432748537,0.13450292397660818,0.005847953216374269,0.017543859649122806,0.011695906432748537,0.0
2016-05,Politico,0.7979274611398963,0.025906735751295335,0.0051813471502590676,0.015544041450777202,0.06217616580310881,0.05181347150259067,0.04145077720207254,0.0,0.0,0.0
2016-05,Refinery 29,0.027932960893854747,0.16201117318435754,0.6480446927374302,0.07262569832402235,0.027932960893854747,0.0223463687150838,0.0111731843575419,0.01675977653631285,0.0111731843575419,0.0
2016-05,Reuters,0.02857142857142857,0.02857142857142857,0.011428571428571429,0.05142857142857143,0.7371428571428571,0.02857142857142857,0.05714285714285714,0.017142857142857144,0.04,0.0
2016-05,TMZ,0.03317535545023697,0.02843601895734597,0.5355450236966824,0.009478672985781991,0.004739336492890996,0.16587677725118483,0.0,0.0,0.22274881516587677,0.0
2016-05,TechCrunch,0.010416666666666666,0.08333333333333333,0.026041666666666668,0.7239583333333334,0.07291666666666667,0.005208333333333333,0.005208333333333333,0.06770833333333333,0.005208333333333333,0.0
2016-05,The Hill,0.6643356643356644,0.006993006993006993,0.006993006993006993,0.06293706293706294,0.1048951048951049,0.04195804195804196,0.055944055944055944,0.02097902097902098,0.006993006993006993,0.027972027972027972
2016-05,The New York Times,0.14782608695652175,0.2391304347826087,0.14782608695652175,0.04782608695652174,0.0782608695652174,0.08695652173913043,0.11304347826086956,0.021739130434782608,0.11739130434782609,0.0
2016-05,The Verge,0.014545454545454545,0.07272727272727272,0.17454545454545456,0.5818181818181818,0.01818181818181818,0.01818181818181818,0.01090909090909091,0.10909090909090909,0.0,0.0
2016-05,Vice,0.024691358024691357,0.2993827160493827,0.29012345679012347,0.08333333333333333,0.018518518518518517,0.06481481481481481,0.04938271604938271,0.05555555555555555,0.11419753086419752,0.0
2016-05,Vice News,0.10509554140127389,0.12420382165605096,0.012738853503184714,0.01910828025477707,0.08598726114649681,0.20382165605095542,0.40445859872611467,0.03821656050955414,0.006369426751592357,0.0
2016-05,Vox,0.2100456621004566,0.1141552511415525,0.1552511415525114,0.2785388127853881,0.0867579908675799,0.0502283105022831,0.0228310502283105,0.0547945205479452,0.0045662100456621,0.0228310502283105
2016-05,Wired,0.031088082901554404,0.2538860103626943,0.21761658031088082,0.27461139896373055,0.046632124352331605,0.02072538860103627,0.0051813471502590676,0.13471502590673576,0.015544041450777202,0.0
2016-06,Business Insider,0.10638297872340426,0.2127659574468085,0.1702127659574468,0.19148936170212766,0.14893617021276595,0.02127659574468085,0.10638297872340426,0.0,0.0425531914893617,0.0
2016-06,Buzzfeed News,0.19747899159663865,0.12184873949579832,0.08403361344537816,0.046218487394957986,0.09243697478991597,0.3025210084033613,0.07142857142857142,0.05042016806722689,0.03361344537815126,0.0
2016-06,CNBC,0.0661764705882353,0.058823529411764705,0.029411764705882353,0.15441176470588236,0.5514705882352942,0.04411764705882353,0.04411764705882353,0.04411764705882353,0.007352941176470588,0.0
2016-06,CNN,0.3333333333333333,0.10869565217391304,0.10869565217391304,0.014492753623188406,0.043478260869565216,0.1956521739130435,0.15217391304347827,0.021739130434782608,0.021739130434782608,0.0
2016-06,Economist,0.06302521008403361,0.16806722689075632,0.04201680672268908,0.06722689075630252,0.3403361344537815,0.07983193277310924,0.1638655462184874,0.03361344537815126,0.04201680672268908,0.0
2016-06,Fox News,0.0,0.0,0.0,0.0,0.0,0.0,0.0,0.0,1.0,0.0
2016-06,Gizmodo,0.011152416356877323,0.4163568773234201,0.04460966542750929,0.3159851301115242,0.02973977695167286,0.0037174721189591076,0.011152416356877323,0.15985130111524162,0.007434944237918215,0.0
2016-06,Hyperallergic,0.0,0.9938271604938271,0.0,0.0,0.006172839506172839,0.0,0.0,0.0,0.0,0.0
2016-06,Mashable,0.025362318840579712,0.1956521739130435,0.391304347826087,0.17028985507246377,0.03260869565217391,0.06884057971014493,0.014492753623188406,0.07246376811594203,0.028985507246376812,0.0
2016-06,New Republic,0.5120274914089347,0.10309278350515463,0.10309278350515463,0.037800687285223365,0.09965635738831616,0.07560137457044673,0.030927835051546393,0.003436426116838488,0.03436426116838488,0.0
2016-06,New Yorker,0.08536585365853659,0.573170731707317,0.24390243902439024,0.0,0.024390243902439025,0.036585365853658534,0.012195121951219513,0.012195121951219513,0.012195121951219513,0.0
2016-06,People,0.025906735751295335,0.10362694300518134,0.6321243523316062,0.0051813471502590676,0.010362694300518135,0.18134715025906736,0.0051813471502590676,0.0,0.03626943005181347,0.0
2016-06,Politico,0.7608695652173914,0.008695652173913044,0.0,0.008695652173913044,0.06086956521739131,0.10434782608695652,0.05652173913043478,0.0,0.0,0.0
2016-06,Refinery 29,0.031578947368421054,0.14210526315789473,0.6052631578947368,0.07894736842105263,0.021052631578947368,0.06842105263157895,0.005263157894736842,0.031578947368421054,0.015789473684210527,0.0
2016-06,Reuters,0.026595744680851064,0.06382978723404255,0.02127659574468085,0.05319148936170213,0.574468085106383,0.026595744680851064,0.0851063829787234,0.0425531914893617,0.10638297872340426,0.0
2016-06,TMZ,0.020202020202020204,0.06565656565656566,0.4595959595959596,0.010101010101010102,0.0,0.21212121212121213,0.005050505050505051,0.020202020202020204,0.20707070707070707,0.0
2016-06,TechCrunch,0.010050251256281407,0.05527638190954774,0.020100502512562814,0.7236180904522613,0.07537688442211055,0.010050251256281407,0.010050251256281407,0.09045226130653267,0.005025125628140704,0.0
2016-06,The Hill,0.6101694915254238,0.02824858757062147,0.005649717514124294,0.04519774011299435,0.06779661016949153,0.05084745762711865,0.07909604519774012,0.03389830508474576,0.005649717514124294,0.07344632768361582
2016-06,The New York Times,0.10396039603960396,0.21782178217821782,0.22772277227722773,0.034653465346534656,0.06930693069306931,0.15841584158415842,0.06435643564356436,0.024752475247524754,0.09900990099009901,0.0
2016-06,The Verge,0.014652014652014652,0.0989010989010989,0.15384615384615385,0.5311355311355311,0.03296703296703297,0.018315018315018316,0.01098901098901099,0.13553113553113552,0.003663003663003663,0.0
2016-06,Vice,0.03870967741935484,0.2870967741935484,0.27419354838709675,0.08387096774193549,0.02903225806451613,0.07419354838709677,0.025806451612903226,0.04516129032258064,0.14193548387096774,0.0
2016-06,Vice News,0.12056737588652482,0.05673758865248227,0.0035460992907801418,0.0070921985815602835,0.12056737588652482,0.30851063829787234,0.3404255319148936,0.02127659574468085,0.02127659574468085,0.0
2016-06,Vox,0.22519083969465647,0.07633587786259542,0.11068702290076336,0.2366412213740458,0.11450381679389313,0.11450381679389313,0.019083969465648856,0.06870229007633588,0.015267175572519083,0.019083969465648856
2016-06,Wired,0.05653710247349823,0.2049469964664311,0.1696113074204947,0.3286219081272085,0.028268551236749116,0.045936395759717315,0.007067137809187279,0.1413427561837456,0.0176678445229682,0.0
2016-07,Business Insider,0.08,0.16,0.12,0.16,0.18,0.1,0.08,0.06,0.06,0.0
2016-07,Buzzfeed News,0.321285140562249,0.11244979919678715,0.0642570281124498,0.04417670682730924,0.04417670682730924,0.25301204819277107,0.08835341365461848,0.040160642570281124,0.0321285140562249,0.0
2016-07,CNBC,0.11023622047244094,0.07086614173228346,0.007874015748031496,0.10236220472440945,0.5354330708661418,0.031496062992125984,0.031496062992125984,0.07874015748031496,0.031496062992125984,0.0
2016-07,CNN,0.3333333333333333,0.13333333333333333,0.1,0.02,0.04666666666666667,0.20666666666666667,0.12,0.03333333333333333,0.006666666666666667,0.0
2016-07,Economist,0.11055276381909548,0.1306532663316583,0.035175879396984924,0.04522613065326633,0.36180904522613067,0.05527638190954774,0.15577889447236182,0.05527638190954774,0.05025125628140704,0.0
2016-07,Fox News,0.0,0.0,0.0,0.0,0.0,0.0,0.0,0.0,1.0,0.0
2016-07,Gizmodo,0.03333333333333333,0.4111111111111111,0.05185185185185185,0.2518518518518518,0.022222222222222223,0.02962962962962963,0.011111111111111112,0.17037037037037037,0.018518518518518517,0.0
2016-07,Hyperallergic,0.004878048780487805,0.9707317073170731,0.004878048780487805,0.004878048780487805,0.004878048780487805,0.004878048780487805,0.004878048780487805,0.0,0.0,0.0
2016-07,Mashable,0.058365758754863814,0.21011673151750973,0.3346303501945525,0.17509727626459143,0.054474708171206226,0.058365758754863814,0.019455252918287938,0.06614785992217899,0.023346303501945526,0.0
2016-07,New Republic,0.7019230769230769,0.04487179487179487,0.060897435897435896,0.009615384615384616,0.038461538461538464,0.11217948717948718,0.02564102564102564,0.0,0.00641025641025641,0.0
2016-07,New Yorker,0.09210526315789473,0.5,0.23684210526315788,0.013157894736842105,0.05263157894736842,0.07894736842105263,0.02631578947368421,0.0,0.0,0.0
2016-07,People,0.08839779005524862,0.12154696132596685,0.56353591160221,0.0055248618784530384,0.016574585635359115,0.1712707182320442,0.0,0.0,0.03314917127071823,0.0
2016-07,Politico,0.8090277777777778,0.010416666666666666,0.0,0.006944444444444444,0.013888888888888888,0.09375,0.05555555555555555,0.003472222222222222,0.006944444444444444,0.0
2016-07,Refinery 29,0.07006369426751592,0.10828025477707007,0.6369426751592356,0.050955414012738856,0.01910828025477707,0.025477707006369428,0.006369426751592357,0.06369426751592357,0.01910828025477707,0.0
2016-07,Reuters,0.020833333333333332,0.03125,0.020833333333333332,0.041666666666666664,0.6354166666666666,0.010416666666666666,0.09895833333333333,0.0625,0.078125,0.0
2016-07,TMZ,0.07462686567164178,0.04477611940298507,0.48756218905472637,0.004975124378109453,0.009950248756218905,0.15422885572139303,0.014925373134328358,0.0,0.208955223880597,0.0
2016-07,TechCrunch,0.018691588785046728,0.09813084112149532,0.037383177570093455,0.6074766355140186,0.07476635514018691,0.014018691588785047,0.004672897196261682,0.14485981308411214,0.0,0.0
2016-07,The Hill,0.6287425149700598,0.017964071856287425,0.005988023952095809,0.041916167664670656,0.0718562874251497,0.10778443113772455,0.0658682634730539,0.017964071856287425,0.0,0.041916167664670656
2016-07,The New York Times,0.14622641509433962,0.2688679245283019,0.16981132075471697,0.02358490566037736,0.07547169811320754,0.10377358490566038,0.1179245283018868,0.018867924528301886,0.07547169811320754,0.0
2016-07,The Verge,0.017699115044247787,0.13716814159292035,0.17699115044247787,0.4823008849557522,0.008849557522123894,0.022123893805309734,0.022123893805309734,0.12389380530973451,0.008849557522123894,0.0
2016-07,Vice,0.05029585798816568,0.3136094674556213,0.26627218934911245,0.10650887573964497,0.029585798816568046,0.07396449704142012,0.011834319526627219,0.03550295857988166,0.11242603550295859,0.0
2016-07,Vice News,0.18181818181818182,0.045454545454545456,0.008264462809917356,0.008264462809917356,0.1115702479338843,0.2727272727272727,0.34297520661157027,0.012396694214876033,0.01652892561983471,0.0
2016-07,Vox,0.3805668016194332,0.05668016194331984,0.1417004048582996,0.18218623481781376,0.05668016194331984,0.08097165991902834,0.016194331983805668,0.03643724696356275,0.020242914979757085,0.02834008097165992
2016-07,Wired,0.1037344398340249,0.23651452282157676,0.1825726141078838,0.23236514522821577,0.03319502074688797,0.04979253112033195,0.016597510373443983,0.13692946058091288,0.008298755186721992,0.0
2016-08,Business Insider,0.12244897959183673,0.10204081632653061,0.10204081632653061,0.12244897959183673,0.20408163265306123,0.04081632653061224,0.16326530612244897,0.08163265306122448,0.061224489795918366,0.0
2016-08,Buzzfeed News,0.2731707317073171,0.14146341463414633,0.07317073170731707,0.09268292682926829,0.04878048780487805,0.2,0.09268292682926829,0.01951219512195122,0.05853658536585366,0.0
2016-08,CNBC,0.10434782608695652,0.09565217391304348,0.02608695652173913,0.08695652173913043,0.6,0.017391304347826087,0.043478260869565216,0.017391304347826087,0.008695652173913044,0.0
2016-08,CNN,0.3558282208588957,0.10429447852760736,0.12883435582822086,0.006134969325153374,0.06134969325153374,0.1411042944785276,0.15950920245398773,0.024539877300613498,0.018404907975460124,0.0
2016-08,Economist,0.09411764705882353,0.16470588235294117,0.052941176470588235,0.047058823529411764,0.19411764705882353,0.08235294117647059,0.2235294117647059,0.07058823529411765,0.07058823529411765,0.0
2016-08,Fox News,0.0,0.0,0.0,0.0,0.0,0.0,0.0,0.0,1.0,0.0
2016-08,Gizmodo,0.03741496598639456,0.43537414965986393,0.04081632653061224,0.2789115646258503,0.027210884353741496,0.013605442176870748,0.006802721088435374,0.14965986394557823,0.01020408163265306,0.0
2016-08,Hyperallergic,0.0058823529411764705,0.9882352941176471,0.0,0.0,0.0058823529411764705,0.0,0.0,0.0,0.0,0.0
2016-08,Mashable,0.027491408934707903,0.16494845360824742,0.31958762886597936,0.18213058419243985,0.024054982817869417,0.058419243986254296,0.006872852233676976,0.058419243986254296,0.15807560137457044,0.0
2016-08,New Republic,0.608,0.084,0.068,0.012,0.052,0.044,0.056,0.004,0.072,0.0
2016-08,New Yorker,0.08823529411764706,0.39215686274509803,0.30392156862745096,0.00980392156862745,0.0392156862745098,0.10784313725490197,0.0196078431372549,0.00980392156862745,0.029411764705882353,0.0
2016-08,People,0.04524886877828054,0.09954751131221719,0.5475113122171946,0.0,0.013574660633484163,0.11312217194570136,0.00904977375565611,0.0,0.17194570135746606,0.0
2016-08,Politico,0.8382978723404255,0.00425531914893617,0.01276595744680851,0.00851063829787234,0.05106382978723404,0.03404255319148936,0.05106382978723404,0.0,0.0,0.0
2016-08,Refinery 29,0.03139013452914798,0.13452914798206278,0.6143497757847534,0.053811659192825115,0.02242152466367713,0.053811659192825115,0.008968609865470852,0.026905829596412557,0.053811659192825115,0.0
2016-08,Reuters,0.015151515151515152,0.04040404040404041,0.025252525252525252,0.020202020202020204,0.6111111111111112,0.015151515151515152,0.06565656565656566,0.045454545454545456,0.16161616161616163,0.0
2016-08,TMZ,0.0182648401826484,0.0410958904109589,0.4977168949771689,0.0045662100456621,0.0045662100456621,0.1141552511415525,0.0045662100456621,0.0136986301369863,0.3013698630136986,0.0
2016-08,TechCrunch,0.00909090909090909,0.05,0.04090909090909091,0.7045454545454546,0.05909090909090909,0.0,0.0,0.12727272727272726,0.00909090909090909,0.0
2016-08,The Hill,0.6538461538461539,0.038461538461538464,0.0,0.03205128205128205,0.07692307692307693,0.038461538461538464,0.0641025641025641,0.01282051282051282,0.0,0.08333333333333333
2016-08,The New York Times,0.1437125748502994,0.2694610778443114,0.1497005988023952,0.03592814371257485,0.0718562874251497,0.0718562874251497,0.10778443113772455,0.017964071856287425,0.1317365269461078,0.0
2016-08,The Verge,0.0196078431372549,0.0784313725490196,0.20588235294117646,0.553921568627451,0.024509803921568627,0.0,0.004901960784313725,0.10784313725490197,0.004901960784313725,0.0
2016-08,Vice,0.03058103975535168,0.29357798165137616,0.27522935779816515,0.08868501529051988,0.01529051987767584,0.07033639143730887,0.012232415902140673,0.0581039755351682,0.1559633027522936,0.0
2016-08,Vice News,0.23036649214659685,0.07329842931937172,0.015706806282722512,0.031413612565445025,0.11518324607329843,0.225130890052356,0.2513089005235602,0.02617801047120419,0.031413612565445025,0.0
2016-08,Vox,0.2727272727272727,0.06060606060606061,0.10101010101010101,0.24242424242424243,0.10101010101010101,0.08080808080808081,0.015151515151515152,0.045454545454545456,0.0707070707070707,0.010101010101010102
2016-08,Wired,0.07746478873239436,0.21830985915492956,0.15845070422535212,0.23591549295774647,0.045774647887323945,0.017605633802816902,0.02112676056338028,0.15845070422535212,0.06690140845070422,0.0
2016-09,Business Insider,0.08620689655172414,0.13793103448275862,0.10344827586206896,0.1896551724137931,0.20689655172413793,0.034482758620689655,0.10344827586206896,0.08620689655172414,0.05172413793103448,0.0
2016-09,Buzzfeed News,0.26666666666666666,0.12916666666666668,0.125,0.08333333333333333,0.025,0.2,0.0875,0.0375,0.04583333333333333,0.0
2016-09,CNBC,0.08275862068965517,0.0896551724137931,0.034482758620689655,0.13793103448275862,0.5724137931034483,0.006896551724137931,0.020689655172413793,0.04827586206896552,0.006896551724137931,0.0
2016-09,CNN,0.33548387096774196,0.12258064516129032,0.08387096774193549,0.01935483870967742,0.05161290322580645,0.12903225806451613,0.21935483870967742,0.012903225806451613,0.025806451612903226,0.0
2016-09,Economist,0.13471502590673576,0.16062176165803108,0.05181347150259067,0.03626943005181347,0.30569948186528495,0.04145077720207254,0.18652849740932642,0.06217616580310881,0.02072538860103627,0.0
2016-09,Fox News,0.0,0.0,0.0,0.0,0.0,0.0,0.0,0.0,1.0,0.0
2016-09,Gizmodo,0.042801556420233464,0.2918287937743191,0.0311284046692607,0.40077821011673154,0.054474708171206226,0.03501945525291829,0.019455252918287938,0.1245136186770428,0.0,0.0
2016-09,Hyperallergic,0.005154639175257732,0.979381443298969,0.010309278350515464,0.0,0.0,0.0,0.0,0.005154639175257732,0.0,0.0
2016-09,Mashable,0.07394366197183098,0.176056338028169,0.27816901408450706,0.24647887323943662,0.017605633802816902,0.04225352112676056,0.014084507042253521,0.08098591549295775,0.07042253521126761,0.0
2016-09,New Republic,0.5681063122923588,0.07973421926910298,0.07973421926910298,0.019933554817275746,0.06312292358803986,0.10299003322259136,0.06312292358803986,0.006644518272425249,0.016611295681063124,0.0
2016-09,New Yorker,0.11458333333333333,0.4791666666666667,0.2916666666666667,0.010416666666666666,0.03125,0.010416666666666666,0.03125,0.020833333333333332,0.010416666666666666,0.0
2016-09,People,0.06321839080459771,0.13218390804597702,0.5977011494252874,0.005747126436781609,0.005747126436781609,0.14942528735632185,0.011494252873563218,0.0,0.034482758620689655,0.0
2016-09,Politico,0.8148148148148148,0.00411522633744856,0.00823045267489712,0.0,0.03292181069958848,0.05761316872427984,0.07818930041152264,0.00411522633744856,0.0,0.0
2016-09,Refinery 29,0.03296703296703297,0.24175824175824176,0.6098901098901099,0.03296703296703297,0.0,0.03296703296703297,0.016483516483516484,0.016483516483516484,0.016483516483516484,0.0
2016-09,Reuters,0.03508771929824561,0.023391812865497075,0.023391812865497075,0.05847953216374269,0.5263157894736842,0.03508771929824561,0.14035087719298245,0.05263157894736842,0.10526315789473684,0.0
2016-09,TMZ,0.046242774566473986,0.03468208092485549,0.49710982658959535,0.005780346820809248,0.005780346820809248,0.1907514450867052,0.0,0.0,0.21965317919075145,0.0
2016-09,TechCrunch,0.007905138339920948,0.06324110671936758,0.02766798418972332,0.7351778656126482,0.05533596837944664,0.007905138339920948,0.007905138339920948,0.08695652173913043,0.007905138339920948,0.0
2016-09,The Hill,0.6075949367088608,0.02531645569620253,0.0189873417721519,0.04430379746835443,0.14556962025316456,0.03164556962025317,0.08227848101265822,0.006329113924050633,0.0,0.0379746835443038
2016-09,The New York Times,0.1073170731707317,0.24878048780487805,0.2,0.03414634146341464,0.09268292682926829,0.06341463414634146,0.13170731707317074,0.024390243902439025,0.0975609756097561,0.0
2016-09,The Verge,0.024154589371980676,0.08695652173913043,0.11594202898550725,0.5265700483091788,0.014492753623188406,0.00966183574879227,0.028985507246376812,0.178743961352657,0.014492753623188406,0.0
2016-09,Vice,0.029900332225913623,0.28903654485049834,0.31893687707641194,0.07973421926910298,0.016611295681063124,0.0664451827242525,0.026578073089700997,0.046511627906976744,0.12624584717607973,0.0
2016-09,Vice News,0.2087378640776699,0.043689320388349516,0.019417475728155338,0.11650485436893204,0.1262135922330097,0.22815533980582525,0.22330097087378642,0.02912621359223301,0.0048543689320388345,0.0
2016-09,Vox,0.2964824120603015,0.07537688442211055,0.11557788944723618,0.22613065326633167,0.05527638190954774,0.08040201005025126,0.05527638190954774,0.05527638190954774,0.04020100502512563,0.0
2016-09,Wired,0.09016393442622951,0.19672131147540983,0.18032786885245902,0.27459016393442626,0.02459016393442623,0.036885245901639344,0.01639344262295082,0.1762295081967213,0.004098360655737705,0.0
2016-10,Business Insider,0.1568627450980392,0.11764705882352941,0.09803921568627451,0.21568627450980393,0.19607843137254902,0.0392156862745098,0.0784313725490196,0.058823529411764705,0.0392156862745098,0.0
2016-10,Buzzfeed News,0.3488372093023256,0.10697674418604651,0.11627906976744186,0.11627906976744186,0.04186046511627907,0.17209302325581396,0.06511627906976744,0.018604651162790697,0.013953488372093023,0.0
2016-10,CNBC,0.15584415584415584,0.06493506493506493,0.03896103896103896,0.14935064935064934,0.474025974025974,0.012987012987012988,0.032467532467532464,0.06493506493506493,0.006493506493506494,0.0
